987654321246173985351928746128537694634892157795461832519286473472319568863745219
839465712146782953752391486391824675564173829287659341628537194913248567475916238
123456789457189236869273154271548693346921578985637412512394867698712345734865921
562987413471235689398146275236819754714653928859472361187324596923568147645791832
126395784359847162874621953985416237631972845247538691763184529418259376592763418
174385962293467158586192734451923876928674315367851249719548623635219487842736591
751846239892371465643259871238197546974562318165438927319684752527913684486725193
125374896479618325683952714714269583532781649968435172891546237257893461346127958
123456789457189236896372514249518367538647921671293845364925178715834692982761453
123456789456789123789123456214975638375862914968314275591637842637248591842591367
239187465675394128814562937123879546456213879798456312367945281541728693982631754
743892156518647932962351748624589371879134265351276489496715823287963514135428697
468931527751624839392578461134756298289413675675289314846192753513867942927345186
728946315934251678516738249147593826369482157852167493293615784481379562675824931
317849265245736891869512473456398712732164958981257634174925386693481527528673149
621943758783615492594728361142879635357461289869532174238197546916354827475286913
693784512487512936125963874932651487568247391741398625319475268856129743274836159
673894512912735486845612973798261354526473891134589267469128735287356149351947628
174835962293476158586192734957324816428961375361758249812547693635219487749683521
869571324327849516145623987952368741681497235473215869514982673798136452236754198