693784512
487512936
125963874
932651487
568247391
741398625
319475268
856129743
274836159

793684512
486512937
125973846
932751684
578246391
641398725
319465278
857129463
264837159

673894512
912735486
845612973
798261354
526473891
134589267
469128735
287356149
351947628

679835412
123694758
548217936
416723895
892561374
735489621
287956143
961342587
354178269

346795812
258431697
971862543
129576438
835214769
764389251
517948326
493627185
682153974

598463712
742851639
316729845
175632498
869145273
423978156
934287561
681594327
257316984

364978512
152436978
879125634
738651429
691247385
245389167
923764851
486512793
517893246

649835712
358217964
172649385
916784523
834521679
725963148
287356491
591472836
463198257

367485912
425391867
189726354
873254196
651973428
294168573
718649235
946532781
532817649

378694512
564218397
291753684
643125978
712869453
859437261
435971826
186542739
927386145

594126738
237895164
618473925
859612473
476539812
123748596
341287659
985361247
762954381
