987654321
246173985
351928746
128537694
634892157
795461832
519286473
472319568
863745219

839465712
146782953
752391486
391824675
564173829
287659341
628537194
913248567
475916238

123456789
457189236
869273154
271548693
346921578
985637412
512394867
698712345
734865921

562987413
471235689
398146275
236819754
714653928
859472361
187324596
923568147
645791832

126395784
359847162
874621953
985416237
631972845
247538691
763184529
418259376
592763418

174385962
293467158
586192734
451923876
928674315
367851249
719548623
635219487
842736591

751846239
892371465
643259871
238197546
974562318
165438927
319684752
527913684
486725193

125374896
479618325
683952714
714269583
532781649
968435172
891546237
257893461
346127958

123456789
457189236
896372514
249518367
538647921
671293845
364925178
715834692
982761453

123456789
456789123
789123456
214975638
375862914
968314275
591637842
637248591
842591367

239187465
675394128
814562937
123879546
456213879
798456312
367945281
541728693
982631754

743892156
518647932
962351748
624589371
879134265
351276489
496715823
287963514
135428697

468931527
751624839
392578461
134756298
289413675
675289314
846192753
513867942
927345186

728946315
934251678
516738249
147593826
369482157
852167493
293615784
481379562
675824931

317849265
245736891
869512473
456398712
732164958
981257634
174925386
693481527
528673149

621943758
783615492
594728361
142879635
357461289
869532174
238197546
916354827
475286913

693784512
487512936
125963874
932651487
568247391
741398625
319475268
856129743
274836159

673894512
912735486
845612973
798261354
526473891
134589267
469128735
287356149
351947628

174835962
293476158
586192734
957324816
428961375
361758249
812547693
635219487
749683521

869571324
327849516
145623987
952368741
681497235
473215869
514982673
798136452
236754198
